id:        2
dimension: 3
residual:  2.22045e-15
norm:      1
max_dx:    4.39837e-1
t:         1
min_sv:    1
max_sv:    1.00001e+5
condition: 1.00001e+5
steps:     70
pred:      70
corr:      68
retrace:   0
max:       9.89949e-1
local dim: -1
mult:      -1
winding:   -1
tags:      0
(24.76851749893558893616329508083188216648555488236869260697256178937719561370044,2.747271584039260840627545941701510060387738384607507754713675420533781327519658e-15)
(-3.394192231580514434818530094326235434955968942301176204915146076938027962240776,2.557973195935969972597412797836697688127059275482003357494237213280974029616446e-14)
(7.207011673009033860690129670251758616306053249923008992005386530314971613920397e-3,-1.875151012542610352907172145343420353482725632776890081024425784866002736155413e-18)
