id:        0
dimension: 3
residual:  1.98603e-15
norm:      1
max_dx:    4.39837e-1
t:         1
min_sv:    1
max_sv:    1.00001e+5
condition: 1.00001e+5
steps:     70
pred:      70
corr:      69
retrace:   0
max:       9.89949e-1
local dim: -1
mult:      -1
winding:   -1
tags:      0
(24.76851768196164475929873522487791374816007078023511795659502305716435642707075,2.909780182706768155021360994150760934645284904017380400724449528224727416259676e-15)
(3.394190895979995810769581108873912320032930323306948817192870362196270712094491,-2.17937209454441078764118611244604290008535791868087729261018776460052899731509e-14)
(6.528173385876630734384067185545886257933505563861209200219866161372997256549325e-3,2.622023513320263774224546308828070203736825139652417035787365098210664390353649e-18)
