id:        3
dimension: 3
residual:  5.50863e-15
norm:      1
max_dx:    1.1057e-2
t:         1
min_sv:    1
max_sv:    1e+5
condition: 1e+5
steps:     70
pred:      70
corr:      65
retrace:   0
max:       7.07107e-1
local dim: -1
mult:      -1
winding:   -1
tags:      0
(-558181891.4819035967109779066610785597158758969090389290900013007152770009412319,-1628030400.532225504911285550756143369862719929782226688909046738353211815167464)
(1628030400.53222551403188641380805527228198423346013050851920723204284661977244,-558181891.4819034619079456728579735999864975417176446975940264371701827335610177)
(-240948.5014606890752282181346106048522237338020590101536946170409749882828974077,-172106.0669263211971867123211054315972227993831580836532230471294874804392754212)
