id:        1
dimension: 3
residual:  1.07833e-14
norm:      1
max_dx:    1.1057e-2
t:         1
min_sv:    1
max_sv:    1e+5
condition: 1e+5
steps:     70
pred:      70
corr:      65
retrace:   0
max:       7.07107e-1
local dim: -1
mult:      -1
winding:   -1
tags:      0
(-558181907.1526186592183712495461129573433836381036575558546671298025568265127811,1628030395.640674632065231477704533146918422031139164042229059547060919533418607)
(1628030395.640674931658525562020601484943681035174737746281941376190662377796982,558181907.1526186981936516930622998660522391419583791426921298155599234028231488)
(-240948.5031654341385995594665124402786903380882641696228725087056024234763260461,172106.0646744326115941596561067831592582003963009180869508116027409363349620377)
